image: Povo_map.png
resolution: 0.065000
origin: [-80.233333, -33.000000, -0.15000]
negate: 0
occupied_thresh: 0.65
free_thresh: 0.196
